4294967294,431
4294967294,128
4294967294,1422
4294967294,157
4294967279,327
67,4
67,3
67,2
67,1
4294967294,1074
66,6
66,5
66,4
66,3
66,2
66,1
65,4
65,3
65,2
65,1
64,5
64,4
64,3
64,2
64,1
63,5
63,4
63,3
63,2
63,1
4294967294,187
62,5
62,4
62,3
62,2
62,1
61,6
61,5
61,4
61,3
61,2
61,1
60,4
60,3
60,2
60,1
59,5
59,4
59,3
59,2
59,1
4294967278,390
4294967278,389
4294967278,388
4294967279,326
58,4
58,3
58,2
58,1
57,6
4294967294,475
57,5
57,4
57,3
57,2
57,1
56,4
56,3
56,2
56,1
55,5
55,4
55,3
55,2
55,1
54,5
54,4
54,3
54,2
54,1
53,5
53,4
53,3
53,2
53,1
52,6
52,5
52,4
52,3
52,2
52,1
51,4
51,3
51,2
51,1
4294967278,387
4294967278,386
4294967278,385
50,5
50,4
50,3
50,2
50,1
4294967278,384
4294967278,383
4294967279,325
4294967278,382
4294967278,381
4294967279,324
4294967279,323
4294967279,322
4294967279,321
4294967279,320
4294967278,380
49,4
49,3
49,2
49,1
48,6
48,5
48,4
48,3
48,2
48,1
47,4
47,3
47,2
47,1
4294967278,379
46,5
46,4
46,3
46,2
46,1
45,5
45,4
45,3
45,2
45,1
44,5
44,4
44,3
44,2
44,1
43,6
43,5
43,4
43,3
43,2
43,1
42,4
42,3
42,2
42,1
4294967279,575
4294967279,574
41,5
41,4
41,3
41,2
41,1
4294967278,378
4294967278,377
4294967279,573
4294967279,572
4294967278,376
4294967278,375
4294967278,374
4294967279,571
4294967279,570
4294967279,569
4294967279,568
4294967279,567
4294967279,566
4294967278,373
4294967278,372
4294967278,371
4294967279,565
4294967278,370
4294967278,369
4294967278,368
4294967278,367
4294967278,366
4294967279,564
4294967278,365
4294967278,364
40,4
40,3
40,2
40,1
39,6
39,5
39,4
39,3
39,2
39,1
38,4
38,3
38,2
38,1
4294967294,1423
4294967278,363
37,5
37,4
37,3
37,2
37,1
4294967279,563
4294967278,362
4294967278,361
36,5
36,4
36,3
36,2
36,1
4294967279,562
4294967279,561
4294967279,560
35,5
35,4
4294967279,559
35,3
35,2
35,1
4294967279,558
4294967278,360
34,6
34,5
34,4
34,3
34,2
34,1
33,4
33,3
33,2
33,1
4294967279,557
32,5
32,4
32,3
32,2
32,1
31,4
31,3
31,2
31,1
4294967279,556
4294967278,359
4294967278,358
4294967278,357
4294967278,356
4294967278,355
4294967279,555
4294967278,354
4294967279,554
4294967278,353
4294967278,352
4294967278,351
4294967279,553
4294967278,350
4294967279,552
4294967279,551
4294967279,550
4294967279,549
4294967279,548
4294967279,547
30,4
30,3
30,2
30,1
29,6
29,5
29,4
29,3
29,2
29,1
28,4
28,3
28,2
28,1
4294967279,546
27,5
27,4
27,3
27,2
27,1
4294967279,545
4294967278,349
4294967279,544
4294967279,543
26,5
26,4
26,3
26,2
26,1
4294967279,542
4294967279,541
25,5
25,4
25,3
25,2
25,1
4294967279,540
4294967278,348
4294967278,347
4294967278,346
24,6
4294967278,345
24,5
24,4
24,3
24,2
24,1
4294967278,344
23,4
23,3
23,2
23,1
4294967279,539
4294967279,538
4294967279,537
22,5
22,4
22,3
22,2
22,1
4294967279,536
21,4
21,3
21,2
21,1
4294967278,343
4294967278,342
4294967279,535
4294967278,341
4294967279,534
4294967278,340
4294967279,533
4294967279,532
4294967278,339
4294967278,338
4294967279,531
4294967279,530
4294967278,337
4294967278,336
4294967279,529
4294967278,335
4294967279,528
4294967278,334
4294967279,527
4294967279,526
4294967279,525
4294967278,333
4294967279,524
4294967278,332
4294967279,523
4294967278,331
20,4
4294967279,522
20,3
20,2
20,1
4294967278,330
4294967279,521
4294967278,329
4294967278,328
4294967278,327
4294967278,326
19,6
4294967278,325
4294967278,324
19,5
19,4
19,3
19,2
19,1
18,4
18,3
18,2
18,1
4294967294,1424
17,5
17,4
17,3
17,2
17,1
16,5
16,4
16,3
16,2
16,1
15,5
15,4
15,3
15,2
15,1
4294967279,520
4294967279,519
14,6
4294967279,518
4294967279,517
14,5
14,4
14,3
14,2
14,1
4294967279,516
13,4
13,3
13,2
13,1
4294967278,323
4294967278,322
4294967278,321
12,5
12,4
12,3
12,2
12,1
4294967278,320
4294967279,515
4294967278,319
4294967279,514
4294967278,318
4294967278,317
4294967279,513
4294967279,512
4294967278,316
4294967279,136
4294967278,315
4294967278,314
4294967279,319
4294967278,313
4294967278,312
4294967279,318
4294967279,317
4294967278,311
4294967279,316
4294967278,310
4294967278,309
4294967279,315
4294967279,314
4294967278,308
4294967279,313
4294967279,312
4294967278,307
4294967278,306
4294967279,311
4294967278,305
4294967279,310
4294967278,304
4294967278,303
4294967279,309
4294967279,308
4294967278,302
